start ((4, -1, -1, -1, -1, -1, -1, -1), 1.0) -> local min ((4, -1, -1, -1, -1, -1, -1, -1), 1.0) score +0.9844
start ((3, 1, -1, -1, -1, -1, -1, -1), 0.9) -> local min ((5, 0, -1, -1, -1, -1, -1, -1), 1.0) score +1.3251
start ((-1, -1, -1, -1, -1, -1, -1, -1), 1.0) -> local min ((-1, -1, -1, 0, 0, 0, 0, 0), 1.0) score +0.6904
start ((2, -1, 2, -1, 2, -1, 2, -1), 1.0) -> local min ((2, -1, -1, -1, -1, -1, -1, -1), 1.0) score +1.0761
start ((5, 5, -1, -1, -1, -1, 0, 0), 1.0) -> local min ((4, 3, -1, -1, -1, -1, -1, -1), 1.0) score +1.5331
start ((-1, -1, -1, 2, -1, 1, 1, 0), 1.0) -> local min ((-1, -1, -1, 1, -1, -1, -1, -1), 1.0) score +1.6468
start ((-1, -1, 3, 3, 2, 4, 1, -1), 1.0) -> local min ((-1, -1, 1, -1, -1, -1, -1, -1), 1.0) score +1.5905
start ((-1, 2, 4, 2, 3, 3, -1, -1), 1.0) -> local min ((-1, 1, -1, -1, -1, -1, -1, -1), 1.0) score +1.4152
start ((0, 0, -1, -1, 2, -1, -1, 2), 1.0) -> local min ((-1, -1, -1, -1, 1, -1, -1, -1), 1.0) score +1.6473
evaluated 807 shapes; best:
  +0.6904  ((-1, -1, -1, 0, 0, 0, 0, 0), 1.0)
  +0.8075  ((-1, -1, -1, 0, 0, 0, 0, 0), 0.9)
  +0.8200  ((-1, -1, -1, -1, 0, 0, 0, 0), 1.0)
  +0.8809  ((-1, -1, -1, -1, -1, 0, 0, 0), 1.0)
  +0.8850  ((-1, -1, -1, -1, -1, -1, 0, 0), 1.0)
  +0.9475  ((-1, -1, -1, -1, -1, -1, -1, 0), 1.0)
  +0.9698  ((-1, -1, -1, -1, -1, -1, -1, -1), 1.0)
  +0.9844  ((4, -1, -1, -1, -1, -1, -1, -1), 1.0)

[exited with code 0]
